Magnitude Distribution Analysis Summary
================================================================================

              Variable Total Samples     Blocks Zero (%) Tiny < 1e-9 (%) Small 1e-9 to 1e-6 (%) Normal ≥ 1e-6 (%) Min Non-Zero      Max Mean log10(Range) Extreme Blocks (%)
               U_ALPHA     2,795,750     22,366     0.00            0.00                   0.00            100.00     9.49e-03 9.98e-01              0.02               0.00
                   U_K     2,795,750     22,366     1.23           11.70                   8.53             78.54     4.14e-25 7.87e-01             -1.39               0.00
                 U_GT0     2,795,750     22,366    10.05            5.82                   5.72             78.41     2.20e-16 8.18e-01              0.39               0.00
                 U_GT1     2,795,750     22,366    10.05            5.83                   5.55             78.58     5.44e-15 7.30e-01              0.37               0.00
                 U_GT2     2,795,750     22,366    10.05            8.58                   3.78             77.59     1.81e-16 1.30e-01              0.93               0.00
               U_BETA0     2,795,750     22,366    10.05            4.25                   7.00             78.70     2.13e-16 3.05e-01              0.40               0.00
               U_BETA1     2,795,750     22,366    10.05            4.31                   6.74             78.90     3.98e-15 2.70e-01              0.36               0.00
               U_BETA2     2,795,750     22,366    10.05            7.92                   4.38             77.65     3.44e-16 8.39e-02              0.92               0.00
                  U_B0     2,795,750     22,366    10.05            8.65                   3.75             77.55     6.16e-16 1.12e-01              0.46               0.00
                  U_B1     2,795,750     22,366    10.05            8.58                   3.84             77.53     4.64e-16 1.14e-01              0.47               0.00
                  U_B2     2,795,750     22,366    10.05            9.46                   5.23             75.26     1.32e-18 1.04e-01              1.10               0.00
              U_SYMGT0     2,795,750     22,366     0.00            0.00                   0.00            100.00     7.75e-01 1.26e+00              0.01               0.00
              U_SYMGT1     2,795,750     22,366    10.05            0.00                   1.87             88.07     3.30e-11 2.41e-01              0.34               0.00
              U_SYMGT2     2,795,750     22,366    10.05            0.06                   8.51             81.38     5.67e-14 8.59e-02              1.00               0.01
              U_SYMGT3     2,795,750     22,366     0.00            0.00                   0.00            100.00     9.01e-01 1.42e+00              0.01               0.00
              U_SYMGT4     2,795,750     22,366    10.05            0.00                   6.14             83.81     7.27e-10 4.59e-02              0.95               0.00
              U_SYMGT5     2,795,750     22,366     0.00            0.00                   0.00            100.00     8.58e-01 1.02e+00              0.00               0.00
              U_SYMAT0     2,795,750     22,366     0.00            0.26                  11.12             88.62     2.47e-13 1.48e+00              0.49               0.00
              U_SYMAT1     2,795,750     22,366     0.00            0.11                  11.16             88.72     7.40e-13 1.19e+00              0.45               0.00
              U_SYMAT2     2,795,750     22,366     0.00            4.15                   9.11             86.74     1.13e-14 1.32e+00              1.07               0.01
              U_SYMAT3     2,795,750     22,366     0.00            0.05                  10.72             89.23     3.50e-13 1.66e+00              0.47               0.00
              U_SYMAT4     2,795,750     22,366     0.00            0.84                  12.10             87.06     6.91e-14 1.35e+00              1.01               0.00
              U_SYMAT5     2,795,750     22,366     0.00            0.13                  11.59             88.27     6.82e-13 1.72e+00              0.31               0.00
All Variables Combined    64,302,250 64,302,250     5.30            3.51                   5.95             85.24     4.14e-25 1.72e+00              0.00               0.00

Key Findings:
----------------------------------------

Variables with highest proportion of tiny values (< 1e-9):
  U_K: 11.70%
  U_B2: 9.46%
  U_B0: 8.65%
  U_GT2: 8.58%
  U_B1: 8.58%
